[5.55807912e+00 5.29698995e+00 3.96801910e+00 3.81119520e+00
 3.68054833e+00 3.57976672e+00 3.55174264e+00 3.33498466e+00
 2.88540264e+00 2.78749053e+00 2.69561737e+00 2.66716543e+00
 2.60890440e+00 2.42493194e+00 2.34848129e+00 2.31515521e+00
 2.24490362e+00 2.21749804e+00 2.11006667e+00 2.08297037e+00
 2.00976980e+00 1.91523631e+00 1.84849626e+00 1.79465500e+00
 1.71463480e+00 1.64643669e+00 1.58699163e+00 1.52466542e+00
 1.47223017e+00 1.40980296e+00 1.33167898e+00 1.26713004e+00
 1.20511662e+00 1.12831427e+00 1.08165294e+00 1.01678581e+00
 9.57316733e-01 8.92088006e-01 8.33738567e-01 7.79693318e-01
 7.42108738e-01 6.82207560e-01 6.38986803e-01 5.93519785e-01
 5.42620687e-01 4.92211094e-01 4.67825960e-01 4.22324439e-01
 3.92466581e-01 3.53058057e-01 3.22100673e-01 2.92900508e-01
 2.64166427e-01 2.45559040e-01 2.19573018e-01 2.04384587e-01
 1.84096788e-01 1.66658623e-01 1.48082122e-01 1.39277174e-01
 1.16340498e-01 1.06438209e-01 9.84974078e-02 8.67935184e-02
 8.25374908e-02 7.05654353e-02 6.34800211e-02 5.81242098e-02
 5.41841255e-02 4.92194057e-02 4.27779673e-02 3.74579811e-02
 3.20952103e-02 3.03283052e-02 2.72867555e-02 2.36113978e-02
 2.18156979e-02 2.11648281e-02 1.96205975e-02 1.81895215e-02
 1.72450323e-02 1.57634635e-02 1.20471725e-02 9.58129613e-03
 8.66399284e-03 7.51497370e-03 6.88257989e-03 6.26164169e-03
 5.74739762e-03 4.83550957e-03 4.64445163e-03 3.70120271e-03
 3.44624417e-03 3.26508563e-03 2.90407222e-03 2.78947425e-03
 2.56488580e-03 2.23241124e-03 2.05603369e-03 1.96523895e-03
 1.90378001e-03 1.75769764e-03 1.57825144e-03 1.50632611e-03
 1.39120351e-03 1.23595743e-03 1.13090923e-03 1.01328329e-03
 9.41412424e-04 7.77742032e-04 7.50200520e-04 6.89548966e-04
 5.73537123e-04 5.12856736e-04 4.71172895e-04 4.35295434e-04
 4.03605161e-04 3.73645223e-04 3.40872690e-04 3.22831079e-04
 3.18857262e-04 2.79631554e-04 2.74690404e-04 2.62187264e-04
 2.52118441e-04 2.18512276e-04 2.08132469e-04 1.93764212e-04]