[2.45513773e+00 2.25714117e+00 2.19555633e+00 2.01222263e+00
 1.99956874e+00 1.97869771e+00 1.91623509e+00 1.89400568e+00
 1.88781049e+00 1.86932413e+00 1.84171960e+00 1.82774807e+00
 1.81676146e+00 1.79062217e+00 1.77927732e+00 1.75198967e+00
 1.71399240e+00 1.67819307e+00 1.61078945e+00 1.58527962e+00
 1.57032067e+00 1.56289147e+00 1.55503632e+00 1.54971300e+00
 1.53099133e+00 1.51433680e+00 1.50198778e+00 1.48182339e+00
 1.46761296e+00 1.45896073e+00 1.43480207e+00 1.43115612e+00
 1.41843382e+00 1.40848186e+00 1.37479047e+00 1.36195753e+00
 1.35483610e+00 1.32576123e+00 1.31352983e+00 1.30843258e+00
 1.29395236e+00 1.27567410e+00 1.26397027e+00 1.25634599e+00
 1.24902120e+00 1.24269832e+00 1.21577440e+00 1.20236474e+00
 1.19290984e+00 1.18178426e+00 1.17031229e+00 1.16124384e+00
 1.15497582e+00 1.12605422e+00 1.11911288e+00 1.10955831e+00
 1.09845368e+00 1.08186213e+00 1.07839633e+00 1.04933084e+00
 1.03778412e+00 1.01460138e+00 1.00959610e+00 1.00402324e+00
 9.98166545e-01 9.92717383e-01 9.55971059e-01 9.48281271e-01
 9.29919295e-01 9.12602146e-01 9.08555673e-01 8.92644925e-01
 8.90876989e-01 8.82529872e-01 8.47565372e-01 8.36907554e-01
 8.27648159e-01 8.11365436e-01 7.96938758e-01 7.90298779e-01
 7.81316964e-01 7.69864318e-01 7.61032178e-01 7.39242452e-01
 7.16906668e-01 7.05716361e-01 6.95229955e-01 6.85423243e-01
 6.76116381e-01 6.63998691e-01 6.44530582e-01 6.38003502e-01
 6.29121512e-01 6.21047415e-01 5.98577370e-01 5.80691245e-01
 5.76266534e-01 5.61648153e-01 5.48837498e-01 5.40649504e-01
 5.26251639e-01 5.13209765e-01 4.97279663e-01 4.91247114e-01
 4.79552134e-01 4.69545395e-01 4.54130435e-01 4.41274440e-01
 4.25499229e-01 4.13839668e-01 4.03111502e-01 3.92065594e-01
 3.85023292e-01 3.73305270e-01 3.59891834e-01 3.41075913e-01
 3.32752962e-01 3.25130449e-01 3.13822865e-01 3.08579228e-01
 2.92708489e-01 2.81297915e-01 2.60445004e-01 2.56792339e-01
 2.48083533e-01 2.33118692e-01 2.19777923e-01 2.16360397e-01
 2.10475361e-01 2.01327312e-01 1.90064777e-01 1.80471217e-01
 1.73789991e-01 1.67343575e-01 1.63666044e-01 1.57736687e-01
 1.39189033e-01 1.37727852e-01 1.25232188e-01 1.19301652e-01
 1.15567099e-01 1.07491636e-01 1.05804301e-01 1.01561244e-01
 9.80379639e-02 9.03182997e-02 8.47129524e-02 8.09449871e-02
 7.30768308e-02 6.64253055e-02 6.25186648e-02 5.86842008e-02
 5.57183774e-02 5.38194091e-02 4.70426605e-02 4.31702102e-02
 4.28165482e-02 4.04355179e-02 3.98356003e-02 3.69943492e-02
 3.61477513e-02 3.32024068e-02 3.09648500e-02 2.87394630e-02
 2.84459805e-02 2.62751747e-02 2.59512391e-02 2.46424186e-02
 2.36958604e-02 2.20813611e-02 2.16449232e-02 2.08078253e-02
 2.04638653e-02 2.03174577e-02 1.98641733e-02 1.95706963e-02
 1.89421715e-02 1.86781382e-02 1.84153287e-02 1.81935577e-02
 1.73335073e-02 1.68753568e-02 1.64537731e-02 1.61761250e-02
 1.58638551e-02 1.51888539e-02 1.47497500e-02 1.43760724e-02
 1.39303752e-02 1.36202993e-02 1.34330635e-02 1.29740361e-02
 1.28395986e-02 1.27924167e-02 1.23123934e-02 1.22009396e-02
 1.20320031e-02 1.18833306e-02 1.16796391e-02 1.13607603e-02
 1.12196507e-02 1.11170897e-02 1.07662652e-02 1.06521966e-02
 1.05328821e-02 1.03424738e-02 1.01041780e-02 9.89415337e-03
 9.80283877e-03 9.71320049e-03 9.59342334e-03 9.47830296e-03
 9.32678295e-03 9.28829731e-03 9.14347224e-03 9.03884727e-03
 8.85584891e-03 8.78337660e-03 8.73219638e-03 8.61254874e-03
 8.54174399e-03 8.43760343e-03 8.38674105e-03 8.22182437e-03
 8.14914925e-03 8.06141809e-03 7.96266662e-03 7.94203446e-03
 7.82116266e-03 7.74481456e-03 7.57705807e-03 7.54017822e-03
 7.35178764e-03 7.29591732e-03 7.26929759e-03 7.20765241e-03
 7.09350723e-03 6.94909726e-03 6.93254299e-03 6.84772855e-03
 6.76345382e-03 6.68700452e-03 6.63248186e-03 6.55725777e-03
 6.46369158e-03 6.44148390e-03 6.23430402e-03 6.20312677e-03
 6.16874881e-03 6.06287330e-03 5.97597878e-03 5.92543310e-03
 5.86984659e-03 5.85051639e-03 5.75933203e-03 5.69138555e-03
 5.65370756e-03 5.59309134e-03 5.52441540e-03 5.49099588e-03
 5.41105601e-03 5.37241445e-03 5.32906798e-03 5.25151354e-03
 5.23436643e-03 5.15811536e-03 5.09238220e-03 5.04210225e-03
 4.97529918e-03 4.92925464e-03 4.90223213e-03 4.83030097e-03
 4.75913168e-03 4.72603374e-03 4.69805854e-03 4.63800998e-03
 4.60008154e-03 4.50645486e-03 4.48264610e-03 4.41771775e-03
 4.39586873e-03 4.34660206e-03 4.31262635e-03 4.27824738e-03
 4.21890964e-03 4.16482863e-03 4.13756498e-03 4.05203954e-03
 4.03144964e-03 4.00805927e-03 3.98969018e-03 3.94670916e-03
 3.91287702e-03 3.90683401e-03 3.81698519e-03 3.77771019e-03
 3.73596933e-03 3.71332353e-03 3.65874105e-03 3.54879361e-03
 3.54069627e-03 3.52622213e-03 3.49842544e-03 3.46224780e-03
 3.42175903e-03 3.38118126e-03 3.33544618e-03 3.32156524e-03
 3.26416744e-03 3.25508279e-03 3.22804487e-03 3.18706048e-03
 3.16699776e-03 3.09262932e-03 3.04364499e-03 3.03637754e-03
 2.98747916e-03 2.96639373e-03 2.93251683e-03 2.91052069e-03
 2.85146863e-03 2.82734170e-03 2.80244390e-03 2.75720425e-03
 2.72755551e-03 2.69559832e-03 2.68328152e-03 2.65099843e-03
 2.63318648e-03 2.60403516e-03 2.59358622e-03 2.56226610e-03
 2.52444226e-03 2.49939768e-03 2.45519426e-03 2.42992663e-03
 2.42583522e-03 2.38041202e-03 2.35190029e-03 2.32274416e-03
 2.27196008e-03 2.26669343e-03 2.23944914e-03 2.20259026e-03
 2.18381016e-03 2.17643250e-03 2.13522985e-03 2.10987851e-03
 2.08456121e-03 2.07682671e-03 2.05698844e-03 2.03751897e-03
 2.00473744e-03 1.95958319e-03 1.94623577e-03 1.93333197e-03
 1.90871339e-03 1.89906073e-03 1.87949018e-03 1.81487881e-03
 1.79785438e-03 1.78325085e-03 1.76965973e-03 1.72811714e-03
 1.70553229e-03 1.67253637e-03 1.63926618e-03 1.62423938e-03
 1.62094094e-03 1.59323266e-03 1.57725128e-03 1.57460875e-03
 1.53992657e-03 1.53108711e-03 1.51563025e-03 1.49920662e-03
 1.48290115e-03 1.46504850e-03 1.44152991e-03 1.41506460e-03
 1.39999303e-03 1.36658656e-03 1.35516325e-03 1.34031810e-03
 1.31873647e-03 1.30909395e-03 1.29726781e-03 1.27819877e-03
 1.26007402e-03 1.21498826e-03 1.20532158e-03 1.19315983e-03
 1.17567966e-03 1.15940507e-03 1.14299124e-03 1.12528448e-03
 1.11048553e-03 1.08029711e-03 1.07255212e-03 1.05410367e-03
 1.04583194e-03 1.02449896e-03 9.99632871e-04 9.95400209e-04
 9.88948237e-04 9.73792582e-04 9.53621401e-04 9.32180838e-04
 9.30394078e-04 9.26942865e-04 9.13092854e-04 9.03818548e-04
 8.93571502e-04 8.63568626e-04 8.34675472e-04 8.17302610e-04
 8.15510850e-04 7.98938784e-04 7.82628116e-04 7.81873128e-04
 7.79860344e-04 7.64064348e-04 7.50059007e-04 7.35118992e-04
 7.28929116e-04 7.07024215e-04 6.84175365e-04 6.74357136e-04
 6.63901905e-04 6.54816344e-04 6.31046708e-04 6.25132008e-04
 6.21307749e-04 6.11124678e-04 6.03338929e-04 5.93516002e-04
 5.90797850e-04 5.66755959e-04 5.56819688e-04 5.46102066e-04
 5.33503461e-04 5.20676566e-04 5.14237945e-04 4.90449464e-04
 4.79552998e-04 4.68504488e-04 4.58604631e-04 4.45793814e-04
 4.35049884e-04 4.29013536e-04 4.13410291e-04 4.08434562e-04
 3.96946750e-04 3.88687861e-04 3.77684524e-04 3.70564851e-04
 3.66156290e-04 3.61263916e-04 3.50881859e-04 3.39364840e-04
 3.26486592e-04 3.16849199e-04 3.07804216e-04 3.01863652e-04
 2.96899557e-04 2.91906432e-04 2.82149527e-04 2.75634944e-04
 2.70004981e-04 2.68126732e-04 2.60421558e-04 2.53564752e-04
 2.51407827e-04 2.39707249e-04 2.35069180e-04 2.20300359e-04
 2.16727131e-04 2.13419106e-04 1.96760759e-04 1.92709461e-04
 1.84705131e-04 1.73618094e-04 1.70841912e-04 1.66773342e-04
 1.64119767e-04 1.54711199e-04 1.47105840e-04 1.42287223e-04
 1.29625606e-04 1.23758257e-04 1.19071772e-04 1.14183880e-04
 1.08634380e-04 1.01016816e-04 9.94593602e-05 8.91172417e-05
 8.42316075e-05 7.82802137e-05 7.58059740e-05 7.13484030e-05
 6.64905106e-05 5.82764515e-05 5.58285896e-05 5.20873300e-05
 4.43814857e-05 3.94950532e-05 2.48797932e-05 1.79416162e-05
 1.33915244e-05 7.62706904e-06 3.67085006e-06 1.54226380e-06]