[5.22568759e+00 4.87675651e+00 3.94872365e+00 3.86266115e+00
 3.75032974e+00 3.66928881e+00 3.51031194e+00 3.31416607e+00
 2.92180965e+00 2.78133803e+00 2.67599837e+00 2.57470131e+00
 2.52204192e+00 2.49094439e+00 2.38817877e+00 2.32695373e+00
 2.26748265e+00 2.22181039e+00 2.15555080e+00 2.09055864e+00
 2.04122328e+00 2.02955532e+00 1.91651968e+00 1.89223499e+00
 1.82014300e+00 1.75960315e+00 1.69973842e+00 1.63355222e+00
 1.56662171e+00 1.49472007e+00 1.43814220e+00 1.36559008e+00
 1.31447085e+00 1.24528666e+00 1.19148844e+00 1.12750153e+00
 1.06842920e+00 1.02801414e+00 9.43752753e-01 8.85886553e-01
 8.31393235e-01 7.86497095e-01 7.21427129e-01 6.77007502e-01
 6.19888375e-01 5.79832070e-01 5.34231769e-01 4.94788229e-01
 4.45569549e-01 4.10593399e-01 3.77312911e-01 3.56530473e-01
 3.17830233e-01 2.88446038e-01 2.70206125e-01 2.36955178e-01
 2.22431190e-01 1.98333129e-01 1.76621726e-01 1.61363061e-01
 1.43533733e-01 1.33516582e-01 1.22813266e-01 1.06166566e-01
 9.97282540e-02 8.62189615e-02 7.82384706e-02 7.05180993e-02
 6.22028859e-02 5.42381792e-02 4.93577873e-02 4.49213858e-02
 3.99040548e-02 3.56622838e-02 3.45540367e-02 3.05879535e-02
 2.78060301e-02 2.67946787e-02 2.43709482e-02 2.18017014e-02
 2.12624649e-02 1.91255258e-02 1.85930172e-02 1.59471713e-02
 1.49414711e-02 1.34071056e-02 1.12127422e-02 1.01198136e-02
 9.24677929e-03 8.47909396e-03 8.04240551e-03 7.54853192e-03
 7.28186556e-03 6.42659943e-03 6.13172795e-03 4.63901655e-03
 4.41229482e-03 3.76020130e-03 3.69578863e-03 3.56894901e-03
 3.37312937e-03 3.24139505e-03 3.04905923e-03 3.03379456e-03
 2.84999249e-03 2.76230482e-03 2.67607467e-03 2.64272275e-03
 2.56813341e-03 2.45278339e-03 2.42903241e-03 2.29826102e-03
 2.28702146e-03 2.17385873e-03 2.01853513e-03 2.00737102e-03
 1.87957111e-03 1.83503860e-03 1.71979989e-03 1.68911693e-03
 1.68380124e-03 1.64301906e-03 1.61346818e-03 1.54175292e-03
 1.53730167e-03 1.52388601e-03 1.47599093e-03 1.43415854e-03
 1.36766150e-03 1.34995706e-03 1.27987425e-03 1.26424823e-03
 1.25529118e-03 1.23738405e-03 1.16824122e-03 1.16130277e-03
 1.13720731e-03 1.12673996e-03 1.11041374e-03 1.07273528e-03
 1.06095094e-03 1.03168943e-03 1.00253983e-03 9.90461620e-04
 9.85360061e-04 9.67801851e-04 9.55055288e-04 9.34175507e-04
 8.98922081e-04 8.93168171e-04 8.75089241e-04 8.47864760e-04
 8.31238173e-04 8.14381745e-04 8.02590280e-04 7.83624691e-04
 7.73306275e-04 7.58220510e-04 7.47321464e-04 7.44699768e-04
 7.31514986e-04 7.17976073e-04 7.05283282e-04 6.97219050e-04
 6.92082816e-04 6.56650408e-04 6.46716113e-04 6.38029966e-04
 6.22084404e-04 6.15805929e-04 6.06945388e-04 5.90918696e-04
 5.76303540e-04 5.69226651e-04 5.56660092e-04 5.50099215e-04
 5.41909368e-04 5.33296973e-04 5.24709780e-04 5.06151910e-04
 5.00162699e-04 4.93871176e-04 4.81894110e-04 4.74548327e-04
 4.71613995e-04 4.57968704e-04 4.52025364e-04 4.46704929e-04
 4.33961483e-04 4.31739157e-04 4.19642475e-04 4.13346868e-04
 4.09141568e-04 3.93961479e-04 3.82640817e-04 3.76311279e-04
 3.67230037e-04 3.51907716e-04 3.44185077e-04 3.41918657e-04
 3.38487231e-04 3.31391304e-04 3.23906882e-04 3.20660828e-04
 3.09177195e-04 3.03470557e-04 2.95657339e-04 2.86447319e-04
 2.79662578e-04 2.71997079e-04 2.65505685e-04 2.57700942e-04
 2.55632332e-04 2.43029979e-04 2.38466450e-04 2.32141489e-04
 2.17599398e-04 2.14004497e-04 2.08564942e-04 2.06514034e-04
 1.94583467e-04 1.88977932e-04 1.80774822e-04 1.78237954e-04
 1.76737131e-04 1.60731662e-04 1.58145866e-04 1.52295176e-04
 1.46133365e-04 1.39843487e-04 1.35765043e-04 1.29181208e-04
 1.26873671e-04 1.22840645e-04 1.13631377e-04 1.10139277e-04
 1.04021177e-04 9.99809426e-05 9.33049668e-05 8.98998996e-05
 7.81114166e-05 7.53503753e-05 6.76128573e-05 6.18361694e-05
 5.68991283e-05 5.42247750e-05 4.85518831e-05 4.33954729e-05
 4.11665480e-05 3.75486107e-05 3.28994118e-05 1.92026073e-05
 1.56827143e-05 1.18896264e-05 5.60266267e-06 2.64103172e-06]