[5.55419869 5.31076298 3.98990387 3.82582093 3.68921845 3.61090364
 3.53765091 3.28231512 2.87057339 2.78016818 2.69704498 2.64130634
 2.61139517 2.4171395  2.35474473 2.30542172 2.22689819 2.21592774
 2.11039324 2.07781005 2.00724625 1.92122139 1.85031767 1.80303925
 1.72007355 1.64402401 1.58998628 1.53438131 1.47323209 1.41705118
 1.33370106 1.27361105 1.2074742  1.13181432 1.08288162 1.02413102
 0.95756748 0.89543871 0.83381183 0.78426215 0.74453882 0.6851026
 0.64007396 0.59689222 0.54432529 0.49401307 0.46794475 0.42506071
 0.39288683 0.35387293 0.32299511 0.29416578 0.26572764 0.24563177
 0.22082666 0.20452654 0.18520009 0.16521288 0.14714498 0.13790075
 0.11606441 0.10277524 0.09348042 0.08070447]