[2.92549895e+00 2.63555132e+00 2.55227896e+00 2.38519203e+00
 2.36202567e+00 2.26048730e+00 2.23564744e+00 2.22365682e+00
 2.20942128e+00 2.16265500e+00 2.14595815e+00 2.13430266e+00
 2.10600113e+00 2.06111171e+00 2.02898249e+00 2.00008336e+00
 1.98414914e+00 1.97727980e+00 1.95195183e+00 1.94399686e+00
 1.92829920e+00 1.88370614e+00 1.87382367e+00 1.86085878e+00
 1.85454039e+00 1.82129790e+00 1.80225578e+00 1.78003862e+00
 1.77275024e+00 1.75429863e+00 1.73869126e+00 1.71683058e+00
 1.69537821e+00 1.67618612e+00 1.66444654e+00 1.65036553e+00
 1.62479434e+00 1.59068110e+00 1.58456784e+00 1.55695256e+00
 1.53248642e+00 1.52225193e+00 1.50896341e+00 1.50025922e+00
 1.48839118e+00 1.47851752e+00 1.44872805e+00 1.44378266e+00
 1.43130987e+00 1.40001344e+00 1.39473963e+00 1.39248583e+00
 1.35169237e+00 1.34407133e+00 1.33129121e+00 1.32980242e+00
 1.30105248e+00 1.28480555e+00 1.26777865e+00 1.25971299e+00
 1.23391952e+00 1.23026735e+00 1.20586451e+00 1.18206131e+00
 1.16524722e+00 1.16101402e+00 1.13151775e+00 1.11579135e+00
 1.11097995e+00 1.08148036e+00 1.07084100e+00 1.05471202e+00
 1.04670917e+00 1.03207551e+00 1.01034802e+00 1.00219566e+00
 9.88048991e-01 9.64968231e-01 9.51838720e-01 9.28235890e-01
 9.15839384e-01 8.98779058e-01 8.92027596e-01 8.73229198e-01
 8.37015694e-01 8.16163421e-01 8.12523966e-01 7.94255346e-01
 7.65729604e-01 7.58005124e-01 7.53084836e-01 7.43899318e-01
 7.27198025e-01 7.04021195e-01 7.00717087e-01 6.82807930e-01
 6.64627388e-01 6.51638712e-01 6.36472807e-01 6.24343043e-01
 5.96328118e-01 5.80520553e-01 5.62682484e-01 5.47995184e-01
 5.43181293e-01 5.37910646e-01 5.34493285e-01 5.14578447e-01
 4.84150423e-01 4.75302277e-01 4.58309774e-01 4.43714245e-01
 4.18364785e-01 4.16199952e-01 4.04534734e-01 3.74318371e-01
 3.65167903e-01 3.55435072e-01 3.42028428e-01 3.33527809e-01
 3.21314926e-01 3.01964560e-01 2.96698308e-01 2.85203458e-01
 2.78525096e-01 2.63918543e-01 2.54471666e-01 2.32866901e-01
 2.27101805e-01 2.21691314e-01 2.16560091e-01 2.04616694e-01
 1.96912172e-01 1.87569218e-01 1.78119080e-01 1.70237337e-01
 1.61486904e-01 1.55194786e-01 1.41184547e-01 1.39422912e-01
 1.36448445e-01 1.31408935e-01 1.27665099e-01 1.20655660e-01
 1.17654225e-01 1.16151011e-01 1.13482998e-01 1.11524987e-01
 1.10148906e-01 1.07838743e-01 1.04185486e-01 1.02075286e-01
 1.01484564e-01 1.01326412e-01 9.95220740e-02 9.87432738e-02
 9.69820138e-02 9.63399774e-02 9.56296593e-02 9.33836513e-02
 9.24745784e-02 9.15558116e-02 9.06918860e-02 8.98133777e-02
 8.88633895e-02 8.75501792e-02 8.63009364e-02 8.51629759e-02
 8.46123401e-02 8.39688589e-02 8.23440518e-02 8.15360651e-02
 8.09795062e-02 8.02226854e-02 7.94844752e-02 7.83975472e-02
 7.73078588e-02 7.65200369e-02 7.56670324e-02 7.45188435e-02
 7.43146856e-02 7.30312967e-02 7.29452115e-02 7.25487872e-02
 7.16298048e-02 7.08588272e-02 6.96672388e-02 6.89016264e-02
 6.77229233e-02 6.69036522e-02 6.64758668e-02 6.51433446e-02
 6.48208185e-02 6.32298099e-02 6.30296818e-02 6.19720846e-02
 6.12611014e-02 6.06060273e-02 5.99342698e-02 5.92003716e-02
 5.89733458e-02 5.80420577e-02 5.70550945e-02 5.55522795e-02
 5.50631925e-02 5.47222606e-02 5.39154296e-02 5.34688186e-02
 5.21506775e-02 5.14999976e-02 5.09983904e-02 5.06542041e-02
 4.96026216e-02 4.92962765e-02 4.82784361e-02 4.78734879e-02
 4.69621027e-02 4.62620589e-02 4.58382510e-02 4.50235132e-02
 4.45361804e-02 4.44040996e-02 4.40539933e-02 4.31222513e-02
 4.20338104e-02 4.15014586e-02 4.11460621e-02 4.00368961e-02
 3.96924444e-02 3.94680880e-02 3.88306372e-02 3.83546953e-02
 3.82654244e-02 3.77851683e-02 3.73871329e-02 3.72837416e-02
 3.68151890e-02 3.65217114e-02 3.58000382e-02 3.49556603e-02
 3.46406786e-02 3.44067646e-02 3.42339385e-02 3.37129074e-02
 3.33133243e-02 3.31508940e-02 3.28115364e-02 3.24694473e-02
 3.20942050e-02 3.16818565e-02 3.13622648e-02 3.10724448e-02
 3.07697686e-02 3.05947183e-02 3.05426678e-02 3.04551012e-02
 2.97903962e-02 2.92459501e-02 2.90426673e-02 2.86357933e-02
 2.85825041e-02 2.82962920e-02 2.78270072e-02 2.75202912e-02
 2.72969265e-02 2.70447344e-02 2.68458255e-02 2.66128375e-02
 2.61097933e-02 2.59715966e-02 2.58014040e-02 2.56748278e-02
 2.54395185e-02 2.49258075e-02 2.47385834e-02 2.45593951e-02
 2.43328888e-02 2.40872858e-02 2.35438335e-02 2.32960691e-02
 2.30846451e-02 2.28692301e-02 2.27808686e-02 2.25749332e-02
 2.25641706e-02 2.23898502e-02 2.23232521e-02 2.19919390e-02
 2.18201384e-02 2.16292562e-02 2.12169109e-02 2.11834106e-02
 2.09697515e-02 2.08005756e-02 2.06299011e-02 2.04909841e-02
 2.02481223e-02 2.00701772e-02 1.97645823e-02 1.97060072e-02
 1.94537004e-02 1.93462568e-02 1.92535977e-02 1.91162665e-02
 1.88492676e-02 1.87096254e-02 1.86512123e-02 1.84496682e-02
 1.83100657e-02 1.81231552e-02 1.80048299e-02 1.75920933e-02
 1.75496903e-02 1.73978071e-02 1.73247312e-02 1.70767604e-02
 1.69811667e-02 1.68682148e-02 1.68116561e-02 1.66465908e-02
 1.64457729e-02 1.63104336e-02 1.61860619e-02 1.59281082e-02
 1.57324865e-02 1.56569237e-02 1.55321375e-02 1.54288313e-02
 1.52889439e-02 1.52131799e-02 1.49952019e-02 1.48956739e-02
 1.47501897e-02 1.46376555e-02 1.44941654e-02 1.43019028e-02
 1.41789890e-02 1.40590611e-02 1.40159825e-02 1.38960592e-02
 1.36311317e-02 1.35955076e-02 1.34667554e-02 1.33107575e-02
 1.32407925e-02 1.31033729e-02 1.30673228e-02 1.30007281e-02
 1.28422782e-02 1.27826924e-02 1.27450902e-02 1.25552762e-02
 1.23199360e-02 1.21961975e-02 1.21035754e-02 1.19152528e-02
 1.18751844e-02 1.17772194e-02 1.16619347e-02 1.15201231e-02
 1.14421559e-02 1.13894170e-02 1.12687205e-02 1.10978877e-02
 1.09706982e-02 1.09208232e-02 1.08194591e-02 1.07135685e-02
 1.05792972e-02 1.05106981e-02 1.03018919e-02 1.02063776e-02
 1.01801507e-02 1.01341584e-02 1.00737465e-02 1.00432554e-02
 9.91262790e-03 9.80569607e-03 9.57903372e-03 9.49617190e-03
 9.43957539e-03 9.22795385e-03 9.21578197e-03 8.99567748e-03
 8.90989850e-03 8.86875196e-03 8.78059171e-03 8.66720343e-03
 8.55728578e-03 8.49885964e-03 8.39843049e-03 8.24303679e-03
 8.11495592e-03 8.07634747e-03 8.00853496e-03 7.91221074e-03
 7.87895803e-03 7.79422376e-03 7.72890844e-03 7.65617435e-03
 7.53646895e-03 7.38536801e-03 7.25872520e-03 7.15684159e-03
 7.11433312e-03 7.00592991e-03 6.91577146e-03 6.82524137e-03
 6.78487389e-03 6.65588530e-03 6.62087097e-03 6.61249786e-03
 6.50950199e-03 6.39540249e-03 6.28755458e-03 6.25061559e-03
 6.12977328e-03 6.07018884e-03 5.90896566e-03 5.71186392e-03
 5.69914047e-03 5.66015552e-03 5.60043697e-03 5.40314404e-03
 5.33453284e-03 5.26842772e-03 5.18174582e-03 5.11633951e-03
 5.07447806e-03 4.91604072e-03 4.90366860e-03 4.81300073e-03
 4.74085858e-03 4.61191229e-03 4.56724182e-03 4.49986735e-03
 4.42525980e-03 4.31930707e-03 4.27112062e-03 4.19353562e-03
 4.14496675e-03 4.02905796e-03 3.86685835e-03 3.84897688e-03
 3.78750918e-03 3.69495538e-03 3.59247324e-03 3.54062348e-03
 3.47869989e-03 3.34770597e-03 3.28908251e-03 3.23459372e-03
 3.05335250e-03 2.97791137e-03 2.95879915e-03 2.89888342e-03
 2.77444512e-03 2.67593959e-03 2.63029059e-03 2.55279552e-03
 2.43284154e-03 2.41396583e-03 2.38917138e-03 2.20366676e-03
 2.16637551e-03 2.12592286e-03 2.04429540e-03 2.02717137e-03
 1.93156478e-03 1.90955590e-03 1.84350178e-03 1.78417828e-03
 1.63755616e-03 1.61098339e-03 1.59287863e-03 1.52495271e-03
 1.49741729e-03 1.44852040e-03 1.41010804e-03 1.33686783e-03
 1.25020942e-03 1.19623301e-03 1.05420688e-03 9.79053939e-04
 9.43715370e-04 8.91086510e-04 8.25030984e-04 7.91284883e-04
 7.60636658e-04 6.61491111e-04 5.90419489e-04 5.72849953e-04
 5.00674825e-04 4.49348423e-04 3.72154528e-04 3.57353401e-04
 2.95472104e-04 2.77541175e-04 2.58893420e-04 2.51499034e-04
 1.70642014e-04 1.44411671e-04 1.09088198e-04 1.05453409e-04
 6.94626804e-05 5.40040720e-05 4.55387280e-05 3.24631721e-05
 3.03825024e-05 2.00677826e-05 6.15040363e-06 3.21384054e-06]