[7.27647845e+00 6.87790119e+00 5.62603585e+00 5.35188362e+00
 5.24005525e+00 5.11478260e+00 5.08466041e+00 4.78148309e+00
 4.18998667e+00 3.74234883e+00 3.62600859e+00 3.60827419e+00
 3.49506495e+00 3.44145199e+00 3.38968600e+00 3.27156941e+00
 3.12677261e+00 3.05042896e+00 2.98122364e+00 2.91487809e+00
 2.83531587e+00 2.79859406e+00 2.72327669e+00 2.65338390e+00
 2.57425799e+00 2.50678987e+00 2.43844458e+00 2.34588407e+00
 2.26074179e+00 2.19060825e+00 2.10297030e+00 2.01341582e+00
 1.94435615e+00 1.83463586e+00 1.76311372e+00 1.68777831e+00
 1.59942976e+00 1.52919221e+00 1.44484588e+00 1.35958265e+00
 1.28386840e+00 1.22634655e+00 1.15374950e+00 1.09074569e+00
 1.00823780e+00 9.97134850e-01 9.40361611e-01 8.71086395e-01
 8.09917350e-01 7.53370580e-01 7.03186400e-01 6.48161788e-01
 6.04365861e-01 5.52194229e-01 5.08343092e-01 4.60415585e-01
 4.20014510e-01 3.92337815e-01 3.54163470e-01 3.22462884e-01
 2.90258324e-01 2.65757093e-01 2.42018447e-01 2.15632095e-01
 1.95042558e-01 1.78631107e-01 1.61573396e-01 1.47704192e-01
 1.35971995e-01 1.31514298e-01 1.15855881e-01 1.07146316e-01
 9.96582033e-02 8.62241235e-02 7.87177663e-02 7.17735782e-02
 6.71527884e-02 6.09296332e-02 5.32539447e-02 5.07293888e-02
 4.76349927e-02 4.15325123e-02 3.81971274e-02 3.55509990e-02
 3.22439591e-02 2.96551166e-02 2.78448577e-02 2.55383699e-02
 2.09013115e-02 1.93223305e-02 1.73328254e-02 1.66057941e-02
 1.52915179e-02 1.37506575e-02 1.19915470e-02 1.16626938e-02
 1.06459572e-02 9.85156535e-03 9.30216370e-03 8.78078111e-03
 8.21934197e-03 7.93888641e-03 7.59014046e-03 7.40525981e-03
 7.11930397e-03 6.51697461e-03 6.47410135e-03 6.23697161e-03
 5.98980931e-03 5.80273461e-03 5.71944295e-03 5.35551591e-03
 5.08925332e-03 5.08744764e-03 4.98886635e-03 4.80217560e-03
 4.58049427e-03 4.38162043e-03 4.23944014e-03 4.17974419e-03
 4.04432344e-03 3.97961047e-03 3.84693743e-03 3.73858540e-03
 3.61818179e-03 3.42663001e-03 3.27426020e-03 2.95430321e-03
 2.80806825e-03 2.64861082e-03 2.56770978e-03 2.42217462e-03
 2.31394937e-03 2.21524473e-03 2.15445782e-03 2.11856971e-03
 1.96064226e-03 1.84973948e-03 1.80073912e-03 1.76387299e-03
 1.70634183e-03 1.66146026e-03 1.65084259e-03 1.63196483e-03
 1.58580950e-03 1.56167363e-03 1.53678887e-03 1.49169191e-03
 1.44527925e-03 1.43185154e-03 1.41178563e-03 1.39565111e-03
 1.35767930e-03 1.34967514e-03 1.30679738e-03 1.28628796e-03
 1.28362247e-03 1.26053406e-03 1.24924939e-03 1.22244026e-03
 1.20568375e-03 1.19846208e-03 1.17146400e-03 1.14458726e-03
 1.12692475e-03 1.11665683e-03 1.07551800e-03 1.04473569e-03
 1.02990508e-03 1.00944957e-03 9.95590382e-04 9.67302201e-04
 9.50961310e-04 9.49014882e-04 9.31470501e-04 9.13161716e-04
 9.06310125e-04 8.93217210e-04 8.88898071e-04 8.75522354e-04
 8.66414436e-04 8.42932726e-04 8.33708033e-04 8.21892433e-04
 8.01558639e-04 8.00410662e-04 7.87512408e-04 7.84441787e-04
 7.70049673e-04 7.56529010e-04 7.53886471e-04 7.33219205e-04
 7.32158126e-04 7.25145137e-04 7.06036956e-04 6.96015127e-04
 6.94793087e-04 6.86774507e-04 6.78914934e-04 6.64197244e-04
 6.60346417e-04 6.56790880e-04 6.52984636e-04 6.44415306e-04
 6.34141462e-04 6.29288629e-04 6.14616872e-04 6.08471964e-04
 6.03229126e-04 5.90209056e-04 5.80931687e-04 5.78524045e-04
 5.74152334e-04 5.54515493e-04 5.50890260e-04 5.47945310e-04
 5.38791829e-04 5.29217324e-04 5.25031990e-04 5.21697139e-04
 5.10255898e-04 5.06650810e-04 5.03283250e-04 4.90612496e-04
 4.82193525e-04 4.79591752e-04 4.67581234e-04 4.65055586e-04
 4.58672514e-04 4.54022882e-04 4.48225488e-04 4.37269261e-04
 4.34583734e-04 4.26106097e-04 4.21377483e-04 4.15664643e-04
 4.10186740e-04 3.96043388e-04 3.93460459e-04 3.90197652e-04
 3.87272701e-04 3.74947432e-04 3.69144588e-04 3.54870830e-04
 3.50028299e-04 3.48179164e-04 3.36705843e-04 3.26916681e-04
 3.21560616e-04 3.19166034e-04 3.08694876e-04 3.05242017e-04
 2.97034704e-04 2.81040449e-04 2.76675442e-04 2.58900600e-04]